72109377
72109377
11093752
22187502
11093752
11093753
22187502
11093753
11093753
55468752
11093753
11093753
11093755
27734377
27734377
11093755
44375002
22187503
22187503
55468752
55468752
55468752
16640627
22187503
55468752
61015627
55468752
61015627
67450002
67450002
67450002
81650002
28400003
31950002
35500003
14200003
67450002
31950002
53250002
67450002
31950002
28400003
81650002
14200003
35500003
67450002
31950002
53250002
53250002
46150002
56800005
46150002
85200002
67450002
67450002
67450002
67450002
85200002
67450003
46150003
67450007
39050003
31950003
21300007
28400005
28400006
67450008
35500004
31950005
67450010
28400007
35500005
81650003
46150005
46150006
81650005
28400008
46150007
28400009
60350002
78100002
67450011
67450012
67450014
81650006
81650008
81650009
7100003
81650011
78100004
28400010
28400011
60350003
28400013
28400015
28400016
53250003
28400017
55468753
77656253
11093756
11093758
11093759
11093760
33281253
33281255
55468756
61015628
33281257
8875003
8875004
26625002
26625003
8875006
83203127
8875008
57687502
48812504
22187501
44375000
59166669
44375001
59166670
7395836
29583336
7395840
7395841
59166672
25885414
33281246
25885415
59166659
59166660
22187498
48072910
22187499
14791666
22187500
33281247
59166662
59166663
59166664
40677078
36979163
36979164
36979165
62864575
66562491
29583333
81354155
70260407
73958322
81354156
51770831
36979166
25885416
81354157
51770832
62864576
59166665
18489582
3697922
18489583
40677079
18489585
3697923
40677080
36979168
40677081
40677082
48072911
3697924
18489588
44374994
40677092
85052070
85052072
85052073
85052075
14791668
85052076
85052077
14791669
40677094
81354158
36979169
36979170
40677096
85052078
40677098
85052079
40677102
85052080
59166675
40677105
40677107
18489589
81354160
18489595
40677108
81354163
59166676
40677109
81354164
73958323
73958325
40677112
73958329
85052081
85052082
73958331
85052083
40677113
85052085
85052086
85052087
85052088
85052089
40677114
14791671
14791673
40677116
40677118
42
14791676
14791679
14791681
14791683
14791687
14791689
43
47
52
54
47925002
56800006
24850009
24850011
85200004
